{
 "cells": [
  {
   "cell_type": "code",
   "id": "initial_id",
   "metadata": {
    "collapsed": true,
    "ExecuteTime": {
     "end_time": "2025-11-03T10:16:40.038897Z",
     "start_time": "2025-11-03T10:16:40.025903Z"
    }
   },
   "source": [
    "import numpy as np\n",
    "from scipy.spatial.transform import Rotation as R"
   ],
   "outputs": [],
   "execution_count": 18
  },
  {
   "metadata": {
    "ExecuteTime": {
     "end_time": "2025-11-03T10:16:40.054898Z",
     "start_time": "2025-11-03T10:16:40.047901Z"
    }
   },
   "cell_type": "code",
   "source": [
    "rot = R.random()\n",
    "R_true = rot.as_matrix()\n",
    "t_true = np.random.randn(3)\n",
    "t_true = t_true / np.linalg.norm(t_true)\n",
    "print(\"真实旋转矩阵 R_true：\\n\", R_true)\n",
    "print(\"真实平移向量 t_true：\", t_true)"
   ],
   "id": "b10b1469abd8af67",
   "outputs": [
    {
     "name": "stdout",
     "output_type": "stream",
     "text": [
      "真实旋转矩阵 R_true：\n",
      " [[-0.37282164  0.54243144  0.75284272]\n",
      " [ 0.49933945  0.80112513 -0.32993732]\n",
      " [-0.7820896   0.2529163  -0.5695342 ]]\n",
      "真实平移向量 t_true： [-0.62547983 -0.29262193  0.72328929]\n"
     ]
    }
   ],
   "execution_count": 19
  },
  {
   "metadata": {
    "ExecuteTime": {
     "end_time": "2025-11-03T10:16:40.086895Z",
     "start_time": "2025-11-03T10:16:40.067912Z"
    }
   },
   "cell_type": "code",
   "source": [
    "t_x = np.array([\n",
    "    [0, -t_true[2], t_true[1]],\n",
    "    [t_true[2], 0, -t_true[0]],\n",
    "    [-t_true[1], t_true[0], 0]\n",
    "])\n",
    "E = t_x @ R_true\n",
    "print(\"\\n本质矩阵 E：\\n\", E)"
   ],
   "id": "37708d9a5544a1c1",
   "outputs": [
    {
     "name": "stdout",
     "output_type": "stream",
     "text": [
      "\n",
      "本质矩阵 E：\n",
      " [[-0.1323103  -0.65345408  0.40529833]\n",
      " [-0.75883916  0.55052889  0.18829092]\n",
      " [-0.42142254 -0.34236027  0.42666743]]\n"
     ]
    }
   ],
   "execution_count": 20
  },
  {
   "metadata": {
    "ExecuteTime": {
     "end_time": "2025-11-03T10:16:40.118434Z",
     "start_time": "2025-11-03T10:16:40.102902Z"
    }
   },
   "cell_type": "code",
   "source": [
    "U, S, Vt = np.linalg.svd(E)\n",
    "W = np.array([[0, -1, 0],\n",
    "              [1,  0, 0],\n",
    "              [0,  0, 1]])\n",
    "\n",
    "R1 = U @ W @ Vt\n",
    "R2 = U @ W.T @ Vt\n",
    "t_est = U[:, 2]\n",
    "\n",
    "if np.linalg.det(R1) < 0:\n",
    "    R1 = -R1\n",
    "if np.linalg.det(R2) < 0:\n",
    "    R2 = -R2\n",
    "print(\"\\n候选解：\")\n",
    "print(\"R1 =\\n\", R1)\n",
    "print(\"R2 =\\n\", R2)\n",
    "print(\"t_est = \", t_est)"
   ],
   "id": "7dd8768435481875",
   "outputs": [
    {
     "name": "stdout",
     "output_type": "stream",
     "text": [
      "\n",
      "候选解：\n",
      "R1 =\n",
      " [[-0.37282164  0.54243144  0.75284272]\n",
      " [ 0.49933945  0.80112513 -0.32993732]\n",
      " [-0.7820896   0.2529163  -0.5695342 ]]\n",
      "R2 =\n",
      " [[ 0.97153379 -0.05358761  0.23076061]\n",
      " [-0.21924039 -0.57242642  0.7901023 ]\n",
      " [ 0.08975378 -0.81820313 -0.56788018]]\n",
      "t_est =  [-0.62547983 -0.29262193  0.72328929]\n"
     ]
    }
   ],
   "execution_count": 21
  },
  {
   "metadata": {
    "ExecuteTime": {
     "end_time": "2025-11-03T10:16:40.149433Z",
     "start_time": "2025-11-03T10:16:40.134451Z"
    }
   },
   "cell_type": "code",
   "source": [
    "# 4. 验证：比较 t_est 与 t_true 的方向（取绝对值避免符号差）\n",
    "cos_angle = np.dot(t_est, t_true) / (np.linalg.norm(t_est) * np.linalg.norm(t_true))\n",
    "print(\"\\n平移方向余弦相似度:\", abs(cos_angle))"
   ],
   "id": "628bbba3a671de3f",
   "outputs": [
    {
     "name": "stdout",
     "output_type": "stream",
     "text": [
      "\n",
      "平移方向余弦相似度: 1.0000000000000002\n"
     ]
    }
   ],
   "execution_count": 22
  }
 ],
 "metadata": {
  "kernelspec": {
   "display_name": "Python 3",
   "language": "python",
   "name": "python3"
  },
  "language_info": {
   "codemirror_mode": {
    "name": "ipython",
    "version": 2
   },
   "file_extension": ".py",
   "mimetype": "text/x-python",
   "name": "python",
   "nbconvert_exporter": "python",
   "pygments_lexer": "ipython2",
   "version": "2.7.6"
  }
 },
 "nbformat": 4,
 "nbformat_minor": 5
}
